1 114 14114144444111 evangelistae. u

mmmm som ..1411111144-1114411141,
qui 4 4441414144 41114 1141111114, 1111411111’111111.11447 5 4111441
114 ,1411114414 444, 141411 ,1414114441 44144 1441114411414144144114. 1141111 fn·-

41111111“ 114144444111141141114411141111111411114444441111414· ⁷ ,

41141 14 saelum 1114444 11 41411411 111 111411, 4411 14111411 u·-
1111 41 4444141411111 11441411 1141111111.Ι h 1411, qui eaput 1141144 4144.
bos, 411114 pm 1141114 44111141, 111. 41411114, 11114141, 41444141, proxim
144 mere. 114 44441111 01114144, eu 111 nummum 11 111444
1111141 11114111. 1114144111, 44 11111111 1441111111 111. (1441114114 struo
1444141411 111111. 11144 11111 11441414 111114 14111 144411114141, 4114
114114ᾔ11414111 in 41411111 Thabor 11 111111 4144111411 111 1111144 14441141, -
14111114· 4111111 4411111, 1111111111.. 1111111111, Petrum 41 Jacob·-
114411141Μί4 signu 44114111 1111411111 14 1111111111 com 4411 4111144111 1114-
aaaron· 4111111 1111114114 111111 11114 1111111111 111 4111114111 1114111114, 111 legitur
1111. 1411- 15. nigniws lobannis 441, 11410111414 1114111111
11114111 4111411 matrissuae, virginem virgini, 4411441114111 diem: 1141
111411 11111111114111414 domim 1411444411 11441111 4411111 41 141111141144
11141411111111111141111111111 1111441141 11114 44 ro 1111111 11114 14 1
8111111 Mor 11444414, 1141111, 111111 111 11141 1111114114, aarum m·
111111 4441111114, 41111 44411114 11411111 14411, 11111411 1114114411 parm, 141
114114 ,11111411 1111141. 411111 11411141 1111111141 41111111, 111 11119111 11111111 μωμ-
phau 1414111141 1444111. -·· ξ. fl. 1111ιί114 somnis 411, md 41141 1441
8141141441 1411 44411141 1114411111 1111111111. Fuit 11111 4114141111, 111 ex 1114111
ejus 4411141414111114, qnam* prima 4411141111 1111141111 pro 4111111114
1111141111841111114 144114 posteriores 1111111411 1411 411111, 1111111111 114
amaritate 11114111 114 11141414 4111441111. 1111411111111114111111141
4111111111. 1111111111. 111 1111111111, 111 1144111411 411144144111414114,
que 1111 finem 11111111. suet 11111111 1414111411114111 11414444 (11, 41.) ·
111411, 7411114 4111111 1111141111114111141411111411411 11191411, 111 111111 11141 111-
1141144111441111111411111114144111, 1119111, inquii 411-4411111111,111 4114111111 14
111 111114. 11111 14411141 1111114111 111414. 114111 111144111441141 1411141· a 111441·

um m 141111 muni& 111111 1111111144 41111, quin 1111111111 conjugi· '

1114114414. Fuit 11111114 1111111141 1144441, 111444011141111411111 1144114111·
1141411114,1111411111411111111 14114114 11111111. 111114

primis lohannes 111111441411141141114,111 111411 1141411. 11141. 4441. 3 4 '

11111 44 Ephesi 111 1411411111 1111111111,1111 4111111111 christi 411111111-
11151111111111111111411114.1111111111111111111111 1111114 caesus 1410111. 11,
1οη) sed 41 [14114144411141111111111111411114 oleum 1111411114, 111114 111-
111441141411114111111111111,111141111141111111141114411311. Ni-
11111ιί11114 111 1141111111 111111111111411 111111 1111111411, 1111 1414411441,
141144 posu 41111111 Domitiani 4111144 revomantur. ’11114 quoquo 1414111
1111 Ephesum 14111111111111411-111114111 14111111.11111111411,14114.1111414414
111 synopsi 8. 8411114114 „- § 7. ,1114111114 1411411114 1141, 1111411 1114114114
mmmmm 11111 441111 41141114444111111111111111,4141111111.“
111.101.,11111114ιμο114.111 411114 1111111144 1114411111 1141111114 1111111111.
1144111441 14114 Apostolos 441114 111111.41111,1111141114114114111111 11111111,
1141 1111. 21, 22, 11114 1144111111 1111111111 1111111114 11111 hypothesi 11114141,

 

