' 64141614461616444 . ΙΙ

4444444444 4444644446 ox 444 444 446414 4444444 6446411414, 6144464 4444444
ignis 6144144448 44664444 4446144 (04164 116446). Ν446144Ρ6414444446 6446·
1441,164134446444144444444444444 6. 6441114644 444444 44444444, ,144
444 4444444444 mmm 44664446 44414444 4444444446 4444444446 41
pamm 4444444464 amplissima 6414 41 44444444 4441444444 4444444441. ’11614414
non 684 mumadam, qud 41644144 1444444446 Sam. 6, 46. 466648644
44144464 4444446464 Amandum 444. 4444644446 ’4444444 4444444444 ψη 4446-
4444 1444644444·444444444,4414441664644 monia 64441444 444461. 1144 4444641 14·
4144, 41 644414 1444644444 14444446 1444614444 444 4444644444 44444444 444464 u
64441446 44 14464 444444 441444664644444444614444 4444 4444446444 44414444·
444444 6444444 tm 14444444, 44 4144444444 44444444 44 644644, hcm 44

64414414 41 mmm 64444446 144444 44449444461446144 64 ipso 11444
Pontificem 1444446 4414144444414444 temporis· ιιι 1146466444 6441444144·

464644 144114 46441441.

1144444464 6441444466.- §.- 1 Hujus sentivimus 4 6414414
Epiphaniae 446111. 44464446 4464614141 4414414 4644444446 446 46 Ma,
14. 6. ramos 4441441444. Ρ444 Epiphaniam ujus 44644164111144464464 Tau-
4444644644 ‚qui 444444· 64664446 464. V. 61464 1464441444 41444444 Prinas, qui
164 domim 6446646444 4444414444, 6464444446 Magus 4414 44644 444.
Vl. 144444164444. Ρ44444144Ρ444144 1444446446,46464144444441 64411116-
444 61 super evangelia 6444444664 1444411446 44144444 prinus 441144ςί1,· 44
164 4466 464144 6446444644 palmarum 4444444444114641 444644 414616444-
44446 11146411 M. 644441 44444644 6444 644414 Palyd. Vergilius, qui (46 inm&
444. 6, 6.) 4414 ’4144414114 44444 4414444446 mutim 44644441. - §. 2. 1464
4414446444 4444441444 6446444466 4441146414 papatu 44166414 praemio
44444 4444444 ,6614444444 46616641. 161444 6444444444ιί4 whom. Nucem
(44416144 nonen 4441444144 regno 644441. 4. -hos 4666444614 4444444444 444441
naim-honinem Vivam 464444 mmmm, 444444644444144 461444
14661444444644441. 441444 4666 4444144 4444414 44444 pedes 6464461444, 4414·
644, 44444444 4444444446 64444444444466444444444444141 4449416 444 4444 4444446,
44464444414444461, 4464444414 4444 4414446, qui 444444 44 6446444444444464144
4444444 6144444644 444444 4446414444 quasi 46444164 41444644 14114441, 44444444 4444444
4444444444444446444 44414 44444164444614441444 44466441. 446641446456443446,
4444 44444 4444461444444446, qui normaniae ,4446444444444 44 qnoque 44411
4441444144 6444144, 4444 4444644644644444444 liventium. protrahendi 4144444 44444464.
Tandem 4644 1144 convindit: 64 44444 41 1444 6644444 444441, 14446 6444664444 446-
614. 11444444 444, 1444666 (4444644166 4144444464 ’14444664 16444144, qui, 44414
44661644641,441414146 4444444446 416444464414 944444 444444 44144 444 61164 ’
4144444 ,6444 atinum 6444441444 04144- 4444661446 644144444444644444 64464148 ’
64464 numismata 46164· 4444441444 44444 6161664446 solitus 441, quod 4444-
4466 466444614641444446444 6, 6.- 6.;6. Eadem 6444414464 palnatum ··

4416441664616644114 salvatori 1444144 44464144114444444461141144446“ 66166- .

6444 4341446441, 444444 4444144444 hebraicam 6646, 4144664664464 646444
444444, Ι644 6441414444 4166644144 est ex Ps 118, 24, 4144144466 1441441464 41444
441 41444,4444444 feeit 64444444, 6444144444 4114414444444444 4444461444 4446
ma 44444444 mm 4441441 014664, 14411Ι 616. Erat 44616444 apud 44644646 66-
46441464, 14144464141666444446144444, 4444444 444 6444464466, 46644144-

 

